3,2
10,96
10,216
10,76
10,182
10,180
10,204
10,98
10,2
10,3
9,7
9,4
9,6
8,5
8,10
8,6
38,4
8,15
8,2
38,3
8,3
38,1
31,3
31,2
31,1
31,0
12,3
12,2
12,1
11,27
11,26
11,25
11,24
11,23
11,22
11,21
11,20
11,18
11,17
11,16
11,15
11,14
11,13
20,2
20,1
20,3
11,11
11,10
11,9
11,8
11,7
11,6
11,5
11,4
11,3
19,2
11,2
19,1
11,1
19,3
10,308
10,302
10,298
10,296
10,287
10,284
10,274
10,269
10,268
10,261
10,243
10,242
10,228
10,195
10,184
10,179
10,178
10,176
10,173
10,161
18,1
10,160
10,152
10,145
10,141
10,137
10,130
18,3
14,1
10,129
10,127
14,3
13,1
13,3
10,111
10,1
